1 1 1304 711
1 2 728 264
2 1 1305 711
2 2 729 264
3 1 1309 708
3 2 729 264
4 1 1311 706
4 2 734 268
5 1 1311 702
5 2 735 270
6 1 1312 699
6 2 737 273
7 1 1316 692
7 2 737 280
8 1 1318 690
8 2 741 285
9 1 1320 682
9 2 743 291
10 1 1324 670
10 2 744 293
11 1 1325 663
11 2 747 294
12 1 1326 660
12 2 749 298
13 1 1326 659
13 2 750 300
14 1 1327 656
14 2 751 300
15 1 1327 656
15 2 752 300
16 1 1331 655
16 2 755 299
17 1 1333 655
17 2 757 303
18 1 1334 655
18 2 758 304
19 1 1338 652
19 2 762 303
20 1 1340 650
20 2 764 303
21 1 1345 649
21 2 765 301
22 1 1347 646
22 2 769 300
23 1 1348 643
23 2 771 301
24 1 1352 636
24 2 772 307
25 1 1355 632
25 2 776 312
26 1 1360 627
26 2 778 317
27 1 1362 626
27 2 783 320
28 1 1367 626
28 2 785 321
29 1 1369 626
29 2 786 322
30 1 1370 625
30 2 790 327
31 1 1371 625
31 2 792 327
32 1 1371 624
32 2 793 327
33 1 1371 623
33 2 794 327
34 1 1370 621
34 2 798 327
35 1 1373 616
35 2 800 327
36 1 1374 611
36 2 804 327
37 1 1375 601
37 2 806 331
38 1 1375 592
38 2 807 332
39 1 1375 589
39 2 808 334
40 1 1375 588
40 2 808 340
41 1 1375 587
41 2 811 345
42 1 1375 585
42 2 813 352
43 1 1375 585
43 2 814 354
44 1 1375 586
44 2 815 355
45 1 1375 587
45 2 815 358
46 1 1376 588
46 2 819 361
47 1 1376 589
47 2 820 362
48 1 1376 589
48 2 820 366
49 1 1380 584
49 2 821 367
50 1 1382 582
50 2 822 367
51 1 1382 579
51 2 825 368
52 1 1383 577
52 2 827 367
53 1 1383 572
53 2 829 367
54 1 1383 568
54 2 833 366
55 1 1383 564
55 2 834 364
56 1 1387 558
56 2 836 368
57 1 1388 554
57 2 836 371
58 1 1389 550
58 2 837 378
59 1 1389 550
59 2 840 382
60 1 1389 551
60 2 842 389
61 1 1390 552
61 2 843 392
62 1 1389 551
62 2 843 391
63 1 1389 549
63 2 847 397
64 1 1390 549
64 2 848 401
65 1 1390 545
65 2 850 402
66 1 1390 544
66 2 851 406
67 1 1390 539
67 2 851 407
68 1 1390 536
68 2 855 406
69 1 1390 530
69 2 856 406
70 1 1390 525
70 2 857 405
71 1 1389 519
71 2 858 406
72 1 1389 516
72 2 861 409
73 1 1385 512
73 2 863 412
74 1 1384 512
74 2 863 420
75 1 1383 512
75 2 864 428
76 1 1383 514
76 2 864 433
77 1 1382 514
77 2 864 439
78 1 1382 515
78 2 864 440
79 1 1382 514
79 2 865 446
80 1 1382 514
80 2 865 449
81 1 1381 511
81 2 865 450
82 1 1378 507
82 2 865 449
83 1 1377 501
83 2 868 448
84 1 1376 496
84 2 869 451
85 1 1376 489
85 2 870 452
86 1 1376 482
86 2 870 452
87 1 1375 477
87 2 871 451
88 1 1374 475
88 2 872 452
89 1 1371 471
89 2 872 454
90 1 1369 471
90 2 875 458
91 1 1368 471
91 2 877 466
92 1 1363 472
92 2 879 476
92 3 52 701
93 1 1361 472
93 2 882 484
93 3 59 700
94 1 1357 472
94 2 885 487
94 3 66 693
95 1 1354 467
95 2 886 489
95 3 69 693
96 1 1349 464
96 2 890 494
96 3 74 678
97 1 1347 463
97 2 891 497
97 3 81 681
98 1 1345 458
98 2 892 500
98 3 88 679
99 1 1341 449
99 2 893 501
99 3 96 678
100 1 1335 444
100 2 894 501
100 3 108 674
101 1 1332 442
101 2 897 500
101 3 117 669
102 1 1327 441
102 2 899 500
102 3 129 667
103 1 1321 442
103 2 900 499
103 3 138 664
104 1 1318 443
104 2 900 498
104 3 146 662
105 1 1313 444
105 2 904 501
105 3 153 662
106 1 1310 443
106 2 905 508
106 3 160 660
107 1 1305 443
107 2 906 513
107 3 167 655
108 1 1298 441
108 2 906 524
108 3 174 652
109 1 1292 440
109 2 907 533
109 3 182 649
110 1 1289 439
110 2 907 540
110 3 184 645
111 1 1285 439
111 2 907 543
111 3 190 643
112 1 1282 437
112 2 908 548
112 3 196 644
113 1 1277 432
113 2 911 550
113 3 203 645
114 1 1275 429
114 2 912 551
114 3 209 643
115 1 1270 427
115 2 913 551
115 3 217 644
116 1 1267 422
116 2 914 554
116 3 228 643
117 1 1263 421
117 2 914 555
117 3 233 644
118 1 1260 420
118 2 914 555
118 3 239 644
119 1 1254 419
119 2 918 554
119 3 246 644
120 1 1248 418
120 2 919 556
120 3 253 644
121 1 1241 417
121 2 920 557
121 3 260 645
122 1 1235 416
122 2 925 556
122 3 262 641
123 1 1232 413
123 2 927 561
123 3 267 639
124 1 1230 411
124 2 928 567
124 3 274 638
125 1 1226 410
125 2 932 575
125 3 280 637
126 1 1220 409
126 2 934 583
126 3 283 631
127 1 1218 408
127 2 935 592
127 3 288 628
128 1 1213 407
128 2 939 596
128 3 290 621
129 1 1210 406
129 2 941 598
129 3 295 619
130 1 1206 404
130 2 942 604
130 3 297 618
131 1 1203 403
131 2 947 605
131 3 302 618
132 1 1197 405
132 2 949 608
132 3 304 618
133 1 1192 405
133 2 950 609
133 3 309 619
134 1 1189 405
134 2 954 608
134 3 310 619
135 1 1185 404
135 2 957 607
135 3 311 619
136 1 1182 405
136 2 961 607
136 3 312 619
137 1 1177 406
137 2 963 606
137 3 312 619
138 1 1174 407
138 2 964 606
138 3 316 619
139 1 1169 406
139 2 965 608
139 3 317 620
140 1 1163 405
140 2 968 609
140 3 318 620
141 1 1161 404
141 2 970 617
141 3 318 620
142 1 1156 403
142 2 971 633
142 3 318 620
143 1 1153 402
143 2 971 641
143 3 318 620
144 1 1149 399
144 2 975 649
144 3 318 620
145 1 1143 397
145 2 977 657
145 3 318 620
146 1 1140 395
146 2 978 661
146 3 318 621
147 1 1138 392
147 2 978 667
147 3 318 620
148 1 1134 392
148 2 979 670
148 3 322 620
149 1 1128 391
149 2 982 673
149 3 323 620
150 1 1122 393
150 2 984 673
150 3 324 620
151 1 1118 395
151 2 985 672
151 3 324 619
152 1 1113 396
152 2 985 672
152 3 324 619
153 1 1107 398
153 2 989 671
153 3 324 619
154 1 1104 398
154 2 991 669
154 3 324 619
155 1 1099 397
155 2 991 669
155 3 324 619
156 1 1097 397
156 2 992 671
156 3 324 619
157 1 1092 396
157 2 993 670
157 3 324 618
158 1 1090 395
158 2 997 672
158 3 324 618
159 1 1085 395
159 2 998 672
159 3 324 618
160 1 1083 396
160 2 999 672
160 3 324 619
161 1 1081 396
161 2 999 672
161 3 324 619
162 1 1077 398
162 2 1000 672
162 3 324 620
163 1 1072 399
163 2 1000 672
163 3 324 620
164 1 1068 401
164 2 1003 672
164 3 324 620
165 1 1063 401
165 2 1005 671
165 3 324 620
166 1 1061 400
166 2 1005 671
166 3 324 620
167 1 1055 399
167 2 1006 671
167 3 324 620
168 1 1050 400
168 2 1006 671
168 3 324 619
169 1 1047 401
169 2 1006 671
169 3 324 619
170 1 1041 401
170 2 1007 672
170 3 324 619
171 1 1035 403
171 2 1007 672
171 3 324 619
172 1 1033 405
172 2 1007 671
172 3 324 619
173 1 1032 406
173 2 1007 671
173 3 324 619
174 1 1028 408
174 2 1007 671
174 3 324 620
175 1 1026 407
175 2 1007 672
175 3 324 620
176 1 1025 406
176 2 1007 672
176 3 324 620
177 1 1021 406
177 2 1007 672
177 3 324 620
178 1 1019 406
178 2 1007 672
178 3 324 620
178 4 671 141
179 1 1018 408
179 2 1010 671
179 3 324 620
179 4 667 140
180 1 1014 409
180 2 1011 671
180 3 324 620
180 4 665 139
181 1 1012 413
181 2 1012 671
181 3 324 620
181 4 663 141
182 1 1011 417
182 2 1012 671
182 3 324 620
182 4 659 143
183 1 1010 424
183 2 1012 672
183 3 324 620
183 4 657 144
184 1 1007 429
184 2 1009 672
184 3 324 620
184 4 653 146
185 1 1006 431
185 2 1007 672
185 3 324 620
185 4 650 147
186 1 1005 432
186 2 1007 672
186 3 324 620
186 4 645 148
187 1 1004 432
187 2 1007 672
187 3 324 621
187 4 643 149
188 1 1004 435
188 2 1006 672
188 3 324 621
188 4 638 150
189 1 1004 435
189 2 1007 671
189 3 324 621
189 4 635 150
190 1 1004 435
190 2 1006 671
190 3 324 621
190 4 630 151
191 1 1004 435
191 2 1006 671
191 3 324 622
191 4 625 152
192 1 1005 435
192 2 1006 673
192 3 324 622
192 4 622 156
193 1 1005 435
193 2 1006 674
193 3 324 623
193 4 621 157
194 1 1005 435
194 2 1007 674
194 3 324 623
194 4 616 161
195 1 1005 435
195 2 1007 674
195 3 328 623
195 4 614 163
196 1 1005 436
196 2 1006 674
196 3 330 623
196 4 613 167
197 1 1005 440
197 2 1007 673
197 3 330 622
197 4 609 170
198 1 1005 445
198 2 1007 673
198 3 330 623
198 4 607 171
199 1 1005 451
199 2 1010 673
199 3 331 623
199 4 606 171
200 1 1006 455
200 2 1012 673
200 3 331 622
200 4 602 172
201 1 1006 460
201 2 1013 673
201 3 331 622
201 4 600 172
202 1 1009 462
202 2 1014 673
202 3 331 623
202 4 599 172
203 1 1011 463
203 2 1018 674
203 3 331 623
203 4 595 173
204 1 1012 462
204 2 1019 674
204 3 331 622
204 4 593 172
205 1 1013 461
205 2 1021 675
205 3 331 622
205 4 591 171
206 1 1013 463
206 2 1025 674
206 3 331 622
206 4 588 171
207 1 1014 465
207 2 1027 673
207 3 331 622
207 4 586 170
208 1 1018 466
208 2 1032 673
208 3 331 622
208 4 584 174
209 1 1019 466
209 2 1034 673
209 3 331 621
209 4 581 177
210 1 1020 467
210 2 1035 673
210 3 331 621
210 4 579 177
211 1 1021 467
211 2 1039 673
211 3 335 622
211 4 574 178
212 1 1025 471
212 2 1041 674
212 3 337 623
212 4 572 180
213 1 1027 473
213 2 1046 674
213 3 338 624
213 4 571 180
214 1 1028 473
214 2 1048 674
214 3 338 625
214 4 567 185
215 1 1032 477
215 2 1053 671
215 3 339 625
215 4 564 187
216 1 1035 475
216 2 1056 671
216 3 343 631
216 4 563 187
217 1 1039 475
217 2 1061 670
217 3 344 633
217 4 560 188
218 1 1042 473
218 2 1067 669
218 3 345 632
218 4 558 188
219 1 1046 476
219 2 1074 669
219 3 345 631
219 4 557 188
220 1 1049 475
220 2 1077 668
220 3 346 630
220 4 556 188
221 1 1054 472
221 2 1082 675
221 3 350 630
221 4 553 189
222 1 1060 472
222 2 1085 680
222 3 352 629
222 4 551 189
223 1 1063 474
223 2 1090 682
223 3 353 628
223 4 550 195
224 1 1068 475
224 2 1096 684
224 3 357 627
224 4 549 198
225 1 1074 477
225 2 1099 688
225 3 359 626
225 4 546 196
226 1 1077 482
226 2 1104 684
226 3 359 625
226 4 544 195
227 1 1078 484
227 2 1107 681
227 3 360 624
227 4 542 193
228 1 1083 481
228 2 1112 680
228 3 360 624
228 4 542 208
229 1 1089 479
229 2 1118 678
229 3 364 627
229 4 542 204
230 1 1092 481
230 2 1120 677
230 3 366 628
230 4 539 210
231 1 1097 483
231 2 1121 677
231 3 367 629
231 4 537 212
232 1 1099 482
232 2 1126 682
232 3 367 629
232 4 537 218
233 1 1104 485
233 2 1132 685
233 3 367 630
233 4 536 220
234 1 1106 486
234 2 1139 687
234 3 371 630
234 4 536 219
235 1 1111 486
235 2 1146 688
235 3 373 629
235 4 535 217
236 1 1118 486
236 2 1153 688
236 3 378 624
236 4 532 216
237 1 1121 484
237 2 1161 688
237 3 380 627
237 4 530 222
238 1 1126 484
238 2 1168 687
238 3 386 623
238 4 529 224
239 1 1128 483
239 2 1175 686
239 3 388 622
239 4 525 225
240 1 1134 485
240 2 1182 685
240 3 393 625
240 4 523 231
241 1 1140 485
241 2 1189 684
241 3 395 623
241 4 521 233
242 1 1146 487
242 2 1192 684
242 3 400 622
242 4 517 239
243 1 1149 489
243 2 1198 684
243 3 402 626
243 4 515 241
244 1 1154 489
244 2 1200 683
244 3 407 627
244 4 510 245
245 1 1160 490
245 2 1205 681
245 3 409 627
245 4 508 247
246 1 1163 489
246 2 1211 683
246 3 415 626
246 4 503 247
247 1 1169 489
247 2 1214 684
247 3 417 626
247 4 501 247
248 1 1171 488
248 2 1219 685
248 3 422 626
248 4 500 248
249 1 1176 487
249 2 1225 685
249 3 424 623
249 4 500 248
250 1 1182 486
250 2 1227 685
250 3 428 625
250 4 499 252
251 1 1184 485
251 2 1233 686
251 3 430 626
251 4 495 256
252 1 1189 485
252 2 1235 686
252 3 431 627
252 4 493 263
253 1 1192 481
253 2 1240 687
253 3 432 626
253 4 492 266
254 1 1198 477
254 2 1251 678
254 3 436 626
254 4 489 271
255 1 1204 475
255 2 1260 674
255 3 438 627
255 4 486 274
256 1 1210 476
256 2 1268 671
256 3 443 628
256 4 482 279
257 1 1213 477
257 2 1275 671
257 3 445 630
257 4 480 280
258 1 1218 478
258 2 1278 675
258 3 446 632
258 4 478 281
259 1 1221 476
259 2 1283 683
259 3 446 634
259 4 474 282
260 1 1225 475
260 2 1290 686
260 3 450 639
260 4 472 283
261 1 1232 475
261 2 1296 688
261 3 452 642
261 4 468 283
262 1 1238 474
262 2 1299 689
262 3 452 645
262 4 466 283
263 1 1241 474
263 2 1305 688
263 3 453 652
263 4 465 282
264 1 1243 473
264 2 1311 688
264 3 453 655
264 4 464 282
265 1 1247 473
265 2 1313 688
265 3 457 657
265 4 460 284
266 1 1253 474
266 2 1318 687
266 3 458 658
266 4 458 286
267 1 1256 474
267 2 1320 685
267 3 459 662
267 4 457 288
268 1 1261 474
268 2 1325 686
268 3 459 663
268 4 453 292
269 1 1267 472
269 2 1332 693
269 3 459 664
269 4 451 293
270 1 1270 474
270 2 1334 695
270 3 459 664
270 4 446 295
271 1 1275 473
271 2 1340 697
271 3 459 664
271 4 440 299
272 1 1281 473
272 2 1346 698
272 3 460 664
272 4 437 302
273 1 1285 473
273 2 1358 698
273 3 460 666
273 4 432 303
274 1 1290 473
274 2 1366 697
274 3 460 663
274 4 430 303
275 1 1292 474
275 2 1374 696
275 3 460 661
275 4 429 303
276 1 1297 474
276 2 1382 696
276 3 460 664
276 4 424 302
277 1 1302 474
277 2 1389 695
277 3 463 665
277 4 418 303
278 1 1305 473
278 2 1396 694
278 3 465 665
278 4 411 304
279 1 1307 472
279 2 1399 694
279 3 465 665
279 4 408 308
280 1 1311 471
280 2 1404 694
280 3 465 664
280 4 402 310
281 1 1313 471
281 2 1406 693
281 3 465 663
281 4 400 318
282 1 1317 471
282 2 1411 692
282 3 465 662
282 4 396 321
283 1 1320 471
283 2 1413 693
283 3 465 661
283 4 394 326
284 1 1325 470
284 2 1418 694
284 3 465 661
284 4 389 328
285 1 1331 469
285 2 1424 695
285 3 465 658
285 4 387 333
286 1 1334 467
286 2 1426 695
286 3 466 659
286 4 386 334
287 1 1339 465
287 2 1432 696
287 3 466 659
287 4 381 340
288 1 1342 467
288 2 1434 696
288 3 466 664
288 4 376 341
289 1 1346 469
289 2 1439 697
289 3 466 662
289 4 373 342
290 1 1349 468
290 2 1450 688
290 3 466 665
290 4 367 343
291 1 1354 468
291 2 1463 677
291 3 466 666
291 4 361 344
292 1 1359 469
292 2 1473 673
292 3 466 666
292 4 359 344
293 1 1362 468
293 2 1481 671
293 3 466 667
293 4 357 344
294 1 1367 468
294 2 1489 670
294 3 466 667
294 4 353 344
295 1 1369 466
295 2 1496 679
295 3 466 667
295 4 351 348
296 1 1374 464
296 2 1499 682
296 3 466 666
296 4 346 348
297 1 1377 466
297 2 1504 682
297 3 466 667
297 4 340 349
298 1 1381 464
298 2 1506 683
298 3 466 667
298 4 333 350
299 1 1383 464
299 2 1510 683
299 3 466 667
299 4 330 354
300 1 1384 464
300 2 1517 689
300 3 466 666
300 4 324 356
301 1 1389 464
301 2 1520 689
301 3 466 666
301 4 318 358
302 1 1394 464
302 2 1525 691
302 3 467 666
302 4 315 363
303 1 1398 465
303 2 1531 692
303 3 467 666
303 4 310 364
304 1 1402 466
304 2 1533 697
304 3 467 666
304 4 304 366
305 1 1405 467
305 2 1539 699
305 3 467 666
305 4 301 367
306 1 1409 470
306 2 1545 701
306 3 467 666
306 4 296 367
307 1 1412 472
307 2 1552 702
307 3 470 666
307 4 293 367
308 1 1413 469
308 2 1559 702
308 3 471 666
308 4 289 371
309 1 1413 469
309 2 1571 701
309 3 472 666
309 4 283 373
310 1 1414 468
310 2 1580 700
310 3 472 666
310 4 276 375
311 1 1416 467
311 2 1587 699
311 3 472 666
311 4 273 383
312 1 1418 466
312 2 1595 697
312 3 472 665
312 4 267 391
313 1 1418 464
313 2 1602 697
313 3 472 665
313 4 261 396
314 1 1418 460
314 2 1605 701
314 3 472 665
314 4 258 398
315 1 1418 458
315 2 1610 698
315 3 473 666
315 4 253 403
316 1 1418 450
316 2 1617 701
316 3 473 666
316 4 251 404
317 1 1418 446
317 2 1619 702
317 3 473 665
317 4 246 409
318 1 1418 444
318 2 1624 703
318 3 473 665
318 4 240 412
319 1 1418 441
319 2 1626 704
319 3 472 665
319 4 237 413
320 1 1418 439
320 2 1631 710
320 3 472 665
320 4 231 414
321 1 1418 438
321 2 1633 712
321 3 473 666
321 4 226 414
322 1 1417 439
322 2 1638 719
322 3 472 666
322 4 223 417
323 1 1417 440
323 2 1644 722
323 3 473 666
323 4 222 418
324 1 1417 440
324 2 1651 724
324 3 473 666
324 4 217 414
325 1 1416 440
325 2 1654 724
325 3 473 667
325 4 211 413
326 1 1414 440
326 2 1659 723
326 3 473 664
326 4 208 415
327 1 1413 440
327 2 1670 722
327 3 473 662
327 4 203 417
328 1 1412 441
328 2 1679 723
328 3 473 662
328 4 197 421
329 1 1411 439
329 2 1683 724
329 3 473 662
329 4 190 423
330 1 1411 436
330 2 1688 725
330 3 473 661
330 4 187 428
331 1 1410 434
331 2 1691 726
331 3 473 662
331 4 182 431
332 1 1409 431
332 2 1696 732
332 3 473 662
332 4 175 432
333 1 1406 428
333 2 1702 744
333 3 473 662
333 4 169 438
334 1 1404 424
334 2 1704 755
334 3 473 662
334 4 166 439
335 1 1403 419
335 2 1705 765
335 3 473 662
335 4 160 441
336 1 1402 414
336 2 1709 771
336 3 473 662
336 4 154 440
337 1 1399 411
337 2 1711 772
337 3 474 662
337 4 151 441
338 1 1396 410
338 2 1711 776
338 3 477 662
338 4 151 440
339 1 1392 410
339 2 1716 776
339 3 478 662
339 4 142 443
340 1 1390 409
340 2 1717 775
340 3 479 661
340 4 138 443
341 1 1388 408
341 2 1718 775
341 3 479 661
341 4 132 450
342 1 1384 408
342 2 1723 774
342 3 479 661
342 4 130 460
343 1 1382 407
343 2 1724 773
343 3 480 661
343 4 125 467
344 1 1378 405
344 2 1725 777
344 3 480 661
344 4 118 471
345 1 1376 403
345 2 1725 778
345 3 480 661
345 4 112 473
346 1 1374 400
346 2 1725 779
346 3 480 661
346 4 109 473
347 1 1370 399
347 2 1725 779
347 3 480 661
347 4 104 479
348 1 1368 397
348 2 1725 778
348 3 480 661
348 4 102 485
349 1 1367 395
349 2 1725 780
349 3 480 661
349 4 92 487
350 1 1362 394
350 2 1725 787
350 3 480 661
350 4 88 489
351 1 1360 394
351 2 1724 798
351 3 480 661
351 4 83 491
352 1 1355 395
352 2 1724 808
352 3 480 661
352 4 81 493
353 1 1353 397
353 2 1720 819
353 3 480 660
353 4 80 493
354 1 1348 398
354 2 1718 822
354 3 480 660
354 4 75 495
355 1 1342 397
355 2 1713 824
355 3 480 660
355 4 69 496
356 1 1339 397
356 2 1710 824
356 3 480 660
356 4 67 498
357 1 1334 396
357 2 1705 822
357 3 480 659
357 4 61 497
358 1 1328 395
358 2 1703 827
358 3 479 663
358 4 55 498
359 1 1325 393
359 2 1698 827
359 3 479 664
359 4 52 502
360 1 1320 392
360 2 1696 826
360 3 479 664
361 1 1317 390
361 2 1695 826
361 3 479 664
362 1 1316 388
362 2 1690 826
362 3 479 664
363 1 1312 387
363 2 1688 825
363 3 479 664
364 1 1306 385
364 2 1688 831
364 3 479 664
365 1 1304 383
365 2 1687 832
365 3 479 664
366 1 1302 383
366 2 1683 831
366 3 479 664
367 1 1298 383
367 2 1681 830
367 3 479 664
368 1 1292 382
368 2 1676 830
368 3 475 664
369 1 1288 382
369 2 1674 829
369 3 474 664
370 1 1284 383
370 2 1673 828
370 3 473 663
371 1 1278 383
371 2 1668 828
371 3 473 663
372 1 1274 383
372 2 1666 827
372 3 473 663
373 1 1269 382
373 2 1661 828
373 3 473 664
374 1 1263 381
374 2 1655 829
374 3 473 663
375 1 1260 380
375 2 1647 829
375 3 473 663
376 1 1256 379
376 2 1635 831
376 3 473 662
377 1 1254 377
377 2 1631 832
377 3 473 662
378 1 1253 377
378 2 1625 832
378 3 473 662
379 1 1249 377
379 2 1623 830
379 3 473 662
380 1 1246 375
380 2 1617 827
380 3 473 662
381 1 1245 375
381 2 1611 825
381 3 473 662
382 1 1241 377
382 2 1604 822
382 3 473 662
383 1 1236 378
383 2 1597 821
383 3 472 662
384 1 1232 380
384 2 1594 814
384 3 472 662
385 1 1228 381
385 2 1588 810
385 3 472 662
386 1 1225 382
386 2 1586 809
386 3 472 664
387 1 1220 383
387 2 1581 801
387 3 472 665
388 1 1217 382
388 2 1580 798
388 3 472 666
389 1 1212 382
389 2 1574 804
389 3 472 667
390 1 1206 381
390 2 1568 802
390 3 472 667
391 1 1200 379
391 2 1561 802
391 3 472 667
392 1 1197 379
392 2 1549 802
392 3 472 667
393 1 1195 378
393 2 1536 802
393 3 472 667
394 1 1191 377
394 2 1531 801
394 3 472 667
395 1 1190 376
395 2 1524 801
395 3 472 667
396 1 1189 376
396 2 1517 800
396 3 472 667
397 1 1185 375
397 2 1510 795
397 3 472 667
398 1 1183 375
398 2 1503 797
398 3 472 667
399 1 1178 375
399 2 1501 794
399 3 472 667
400 1 1176 375
400 2 1495 792
400 3 472 667
401 1 1171 375
401 2 1489 790
401 3 472 667
402 1 1168 377
402 2 1487 789
402 3 472 667
403 1 1163 379
403 2 1481 789
403 3 472 667
404 1 1157 381
404 2 1475 788
404 3 472 667
405 1 1154 380
405 2 1468 785
405 3 472 667
406 1 1149 380
406 2 1466 788
406 3 472 667
407 1 1146 379
407 2 1460 786
407 3 472 667
408 1 1141 379
408 2 1454 784
408 3 472 667
409 1 1136 378
409 2 1451 786
409 3 472 667
410 1 1133 378
410 2 1446 787
410 3 472 667
411 1 1132 377
411 2 1440 787
411 3 472 667
412 1 1131 378
412 2 1428 790
412 3 472 667
413 1 1127 378
413 2 1419 797
413 3 472 668
414 1 1122 379
414 2 1411 801
414 3 472 667
415 1 1119 380
415 2 1404 803
415 3 472 667
416 1 1114 380
416 2 1397 803
416 3 472 667
417 1 1110 380
417 2 1394 804
417 3 472 667
418 1 1105 382
418 2 1389 805
418 3 472 667
419 1 1103 382
419 2 1383 802
419 3 472 667
420 1 1098 382
420 2 1380 800
420 3 472 666
421 1 1092 381
421 2 1375 798
421 3 472 666
422 1 1086 381
422 2 1369 799
422 3 472 666
423 1 1082 382
423 2 1362 793
423 3 472 666
424 1 1081 382
424 2 1359 781
424 3 472 667
425 1 1077 381
425 2 1353 769
425 3 472 669
426 1 1076 380
426 2 1347 764
426 3 468 675
427 1 1071 377
427 2 1345 764
427 3 467 679
428 1 1068 377
428 2 1340 764
428 3 466 681
429 1 1067 377
429 2 1333 766
429 3 465 687
430 1 1063 377
430 2 1326 761
430 3 465 690
431 1 1057 376
431 2 1319 760
431 3 461 698
432 1 1054 375
432 2 1312 760
432 3 460 704
433 1 1049 375
433 2 1305 760
433 3 458 709
434 1 1047 376
434 2 1298 759
434 3 458 716
435 1 1041 375
435 2 1291 759
435 3 454 719
436 1 1036 377
436 2 1288 759
436 3 452 725
437 1 1032 377
437 2 1283 759
437 3 451 727
438 1 1027 377
438 2 1276 753
438 3 446 731
439 1 1021 376
439 2 1274 750
439 3 444 732
440 1 1019 375
440 2 1269 743
440 3 439 732
441 1 1017 374
441 2 1262 739
441 3 437 738
442 1 1013 375
442 2 1256 734
442 3 432 740
443 1 1008 375
443 2 1253 731
443 3 425 743
444 1 1005 375
444 2 1247 730
444 3 419 744
445 1 1004 374
445 2 1241 731
445 3 411 744
446 1 999 375
446 2 1239 733
446 3 409 743
447 1 997 376
447 2 1233 731
447 3 403 746
448 1 992 377
448 2 1227 731
448 3 401 746
449 1 986 377
449 2 1224 731
449 3 391 753
450 1 983 379
450 2 1219 732
450 3 387 769
451 1 978 380
451 2 1213 733
451 3 381 789
452 1 976 380
452 2 1210 733
452 3 379 809
453 1 970 379
453 2 1205 734
453 3 378 823
454 1 965 379
454 2 1203 732
454 3 373 834
455 1 962 379
455 2 1198 732
455 3 368 842
456 1 957 380
456 2 1192 731
456 3 365 849
457 1 954 381
457 2 1189 726
457 3 360 856
458 1 953 380
458 2 1184 723
458 3 354 856
459 1 950 380
459 2 1181 717
459 3 351 854
460 1 948 379
460 2 1176 714
460 3 346 856
461 1 943 378
461 2 1174 697
461 3 343 856
462 1 941 377
462 2 1169 687
462 3 338 857
463 1 937 378
463 2 1163 683
463 3 332 857
464 1 934 378
464 2 1161 680
464 3 325 863
465 1 932 379
465 2 1160 681
465 3 318 879
466 1 928 383
466 2 1155 678
466 3 311 899
467 1 926 387
467 2 1153 678
467 3 308 919
468 1 921 389
468 2 1148 679
468 3 303 936
469 1 918 393
469 2 1142 679
469 3 296 945
470 1 914 396
470 2 1139 679
470 3 289 954
471 1 912 396
471 2 1135 680
471 3 282 969
472 1 908 398
472 2 1132 677
472 3 270 974
473 1 906 399
473 2 1131 677
473 3 261 973
474 1 904 399
474 2 1127 676
474 3 253 975
475 1 903 401
475 2 1121 671
475 3 246 976
476 1 900 403
476 2 1119 667
476 3 238 978
477 1 898 403
477 2 1114 660
477 3 231 981
478 1 897 403
478 2 1111 643
478 3 224 999
479 1 893 404
479 2 1106 636
479 3 212 1018
480 1 891 404
480 2 1104 634
480 3 203 1045
481 1 890 404
481 2 1103 629
481 3 195 1063
482 1 887 404
482 2 1099 626
482 3 184 1072
483 1 885 404
483 2 1097 626
483 3 175 1076
484 1 883 408
484 2 1092 627
484 3 172 1090
485 1 879 412
485 2 1090 628
485 3 157 1096
486 1 877 415
486 2 1089 625
486 3 147 1102
487 1 873 417
487 2 1089 624
487 3 139 1118
488 1 871 420
488 2 1085 624
488 3 132 1116
489 1 870 422
489 2 1084 624
489 3 125 1131
490 1 869 422
490 2 1083 625
491 1 868 422
491 2 1082 626
492 1 865 425
492 2 1082 622
493 1 864 425
493 2 1082 620
494 1 862 425
494 2 1082 614
495 1 861 424
495 2 1078 611
496 1 858 425
496 2 1077 605
497 1 857 425
497 2 1076 602
498 1 856 427
498 2 1075 594
499 1 855 431
499 2 1075 584
500 1 854 434
500 2 1075 578
501 1 854 442
501 2 1071 572
502 1 854 446
502 2 1070 570
503 1 854 453
503 2 1069 571
504 1 854 456
504 2 1069 572
505 1 854 458
505 2 1069 573
506 1 855 459
506 2 1068 574
507 1 855 461
507 2 1068 571
508 1 855 462
508 2 1064 570
509 1 856 463
509 2 1063 570
510 1 856 463
510 2 1062 570
511 1 857 462
511 2 1061 570
512 1 857 462
512 2 1061 566
513 1 857 461
513 2 1057 563
514 1 857 463
514 2 1056 557
515 1 857 465
515 2 1055 554
516 1 857 472
516 2 1055 548
517 1 857 477
517 2 1054 544
518 1 857 484
518 2 1054 542
519 1 858 487
519 2 1054 536
520 1 858 492
520 2 1055 535
521 1 858 496
521 2 1055 534
522 1 858 498
522 2 1055 534
523 1 861 498
523 2 1056 534
524 1 862 501
524 2 1056 534
525 1 863 501
525 2 1059 534
526 1 863 501
526 2 1061 534
527 1 863 502
527 2 1062 535
528 1 864 502
528 2 1062 536
529 1 864 501
529 2 1062 536
530 1 865 501
530 2 1063 533
531 1 865 503
531 2 1063 531
532 1 868 506
532 2 1064 530
533 1 870 512
533 2 1067 527
534 1 872 519
534 2 1068 526
535 1 875 523
535 2 1069 525
536 1 877 526
536 2 1069 525
537 1 878 531
537 2 1070 521
538 1 879 533
538 2 1070 520
539 1 883 533
539 2 1071 520
540 1 885 534
540 2 1071 520
541 1 886 533
541 2 1071 520
542 1 890 535
542 2 1074 520
543 1 892 536
543 2 1075 520
544 1 893 536
544 2 1076 521
545 1 897 536
545 2 1076 520
546 1 899 538
546 2 1076 520
547 1 900 543
547 2 1076 520
548 1 901 551
548 2 1073 521
549 1 905 557
549 2 1071 521
550 1 907 562
550 2 1071 522
551 1 911 563
551 2 1071 522
552 1 913 564
552 2 1070 522
553 1 914 565
553 2 1070 519
554 1 915 568
554 2 1070 518
555 1 918 570
555 2 1069 518
556 1 920 571
556 2 1069 518
557 1 921 572
557 2 1069 517
558 1 925 572
558 2 1069 517
559 1 928 572
559 2 1068 511
560 1 929 574
560 2 1068 509
561 1 933 574
561 2 1068 508
562 1 935 573
562 2 1068 507
563 1 940 572
563 2 1068 507
564 1 942 571
564 2 1069 507
565 1 947 572
565 2 1069 508
566 1 950 574
566 2 1069 508
567 1 955 576
567 2 1069 505
568 1 957 577
568 2 1070 503
569 1 962 578
569 2 1071 503
570 1 964 579
570 2 1074 502
571 1 969 579
571 2 1075 502
572 1 966 578
572 2 1076 501
573 1 970 578
573 2 1077 501
574 1 976 578
574 2 1077 501
575 1 978 578
575 2 1081 500
576 1 984 578
576 2 1083 501
577 1 990 580
577 2 1084 501
578 1 997 582
578 2 1088 501
579 1 1004 582
579 2 1090 501
580 1 1007 581
580 2 1092 502
581 1 1012 582
581 2 1096 497
582 1 1019 581
582 2 1098 495
583 1 1022 579
583 2 1103 493
584 1 1027 578
584 2 1105 487
585 1 1029 579
585 2 1110 485
586 1 1033 578
586 2 1113 484
587 1 1036 578
587 2 1117 483
588 1 1040 578
588 2 1119 479
589 1 1043 577
589 2 1121 477
590 1 1048 576
590 2 1125 476
591 1 1054 575
591 2 1127 476
592 1 1062 572
592 2 1128 476
593 1 1068 572
593 2 1129 477
594 1 1075 573
594 2 1132 477
595 1 1078 574
595 2 1133 477
596 1 1083 574
596 2 1134 478
597 1 1085 577
597 2 1134 480
598 1 1090 575
598 2 1134 482
599 1 1093 575
599 2 1134 476
600 1 1094 573
600 2 1134 483
601 1 1098 573
601 2 1134 487
602 1 1100 571
602 2 1138 481
603 1 1101 572
603 2 1140 471
604 1 1105 571
604 2 1141 477
605 2 1141 480
606 2 1141 482
607 2 1145 476
608 2 1147 473
609 2 1148 482
610 2 1149 478
611 2 1149 478
612 2 1153 477
613 2 1155 476
614 2 1159 468
614 1 1155 546
615 2 1161 474
615 1 1157 544
616 2 1162 451
616 1 1162 543
617 2 1163 440
617 1 1168 544
618 2 1163 437
618 1 1171 545
619 2 1167 432
619 1 1176 546
620 2 1170 429
620 1 1182 547
621 2 1174 420
621 1 1185 543
622 2 1176 411
622 1 1190 542
623 2 1178 408
623 1 1197 543
624 2 1178 406
624 1 1204 545
625 2 1178 407
625 1 1211 546
626 2 1182 406
626 1 1218 548
627 2 1183 406
627 1 1220 549
628 2 1184 408
628 1 1225 547
629 2 1184 408
629 1 1228 548
630 2 1184 409
630 1 1233 549
631 2 1184 409
631 1 1235 548
632 2 1184 409
632 1 1240 547
633 2 1185 409
633 1 1242 547
634 2 1185 409
634 1 1247 547
635 2 1185 409
635 1 1253 547
636 2 1188 404
636 1 1260 542
637 2 1189 402
637 1 1263 539
638 2 1190 401
638 1 1268 535
639 2 1190 396
639 1 1275 535
640 2 1190 392
640 1 1281 539
641 2 1190 386
641 1 1284 543
642 2 1190 383
642 1 1289 545
643 2 1190 381
643 1 1292 545
644 2 1190 380
644 1 1297 544
645 2 1190 379
645 1 1303 546
646 2 1190 380
646 1 1306 547
647 2 1190 380
647 1 1311 546
648 2 1190 380
648 1 1313 546
649 2 1190 379
649 1 1318 550
650 2 1190 379
650 1 1324 551
651 2 1190 380
651 1 1331 551
652 2 1189 380
652 1 1339 552
653 2 1186 380
653 1 1341 552
654 2 1185 379
654 1 1346 553
655 2 1184 378
655 1 1353 553
656 2 1183 375
656 1 1356 555
657 2 1183 372
657 1 1361 557
658 2 1182 370
658 1 1363 556
659 2 1179 366
659 1 1368 558
660 2 1177 364
660 1 1374 559
661 2 1176 364
661 1 1381 559
662 2 1176 364
662 1 1384 559
663 2 1175 364
663 1 1389 560
664 2 1171 365
664 1 1391 562
665 2 1169 364
665 1 1396 562
666 2 1165 363
666 1 1398 564
667 2 1162 364
667 1 1408 563
668 2 1161 364
668 1 1416 563
669 2 1157 362
669 1 1420 562
670 2 1155 362
670 1 1425 563
671 2 1154 362
671 1 1431 563
672 2 1150 361
672 1 1434 567
673 2 1148 361
673 1 1439 571
674 2 1147 359
674 1 1441 577
675 2 1142 358
675 1 1446 582
676 2 1140 355
676 1 1448 587
677 2 1135 354
677 1 1453 589
678 2 1133 354
678 1 1459 591
679 2 1128 354
679 1 1462 593
680 2 1126 354
680 1 1467 595
681 2 1125 354
681 1 1474 596
682 2 1121 354
682 1 1481 596
683 2 1119 355
683 1 1488 596
684 2 1118 355
684 1 1495 597
685 2 1113 355
685 1 1498 599
686 2 1108 355
686 1 1503 600
687 2 1105 354
687 1 1505 599
688 2 1103 353
688 1 1510 600
689 2 1099 354
689 1 1512 603
690 2 1097 354
690 1 1517 607
691 2 1093 355
691 1 1519 613
692 2 1090 355
692 1 1524 616
693 2 1089 354
693 1 1526 621
694 2 1085 354
694 1 1536 625
695 2 1083 354
695 1 1539 628
696 2 1082 354
696 1 1545 631
697 2 1078 354
697 1 1548 634
698 2 1076 354
698 1 1553 635
699 2 1075 355
699 1 1559 636
700 2 1071 355
700 1 1562 637
701 2 1068 354
701 1 1567 637
702 2 1064 355
702 1 1573 638
703 2 1062 356
703 1 1576 642
704 2 1060 357
704 1 1581 652
705 2 1056 358
705 1 1583 662
706 2 1054 359
706 1 1584 673
707 2 1050 362
707 1 1588 678
708 2 1047 366
708 1 1590 684
709 2 1043 367
709 1 1595 686
710 2 1041 368
710 1 1596 686
711 2 1040 368
711 1 1597 689
712 2 1036 367
712 1 1598 689
713 2 1034 368
713 1 1598 689
714 2 1033 367
714 1 1602 688
715 2 1032 366
715 1 1603 688
716 2 1028 366
716 1 1603 688
717 2 1026 366
717 1 1603 690
718 2 1022 366
718 1 1604 692
719 2 1020 367
719 1 1604 700
720 2 1019 367
720 1 1604 713
721 2 1018 367
721 1 1604 725
722 2 1015 366
722 1 1608 734
723 2 1013 367
723 1 1605 738
724 2 1012 367
724 1 1608 742
725 2 1011 367
725 1 1609 743
726 2 1007 368
726 1 1610 742
727 2 1005 368
727 1 1610 746
728 2 1004 368
728 1 1610 747
729 2 1004 367
729 1 1610 747
730 2 1000 367
730 1 1609 747
731 2 999 366
731 1 1609 746
732 2 998 367
732 1 1605 745
733 2 997 367
733 1 1603 742
734 2 997 367
734 1 1598 740
735 2 996 367
735 1 1596 740
736 2 993 367
736 1 1590 745
737 2 992 367
737 1 1584 747
738 2 991 367
738 1 1581 748
739 2 991 367
739 1 1576 748
740 2 990 367
740 1 1574 747
741 2 990 366
741 1 1569 747
742 2 990 366
742 1 1566 747
743 2 990 366
743 1 1562 746
744 2 990 366
744 1 1559 746
745 2 987 365
745 1 1558 746
746 2 985 366
746 1 1554 745
747 2 985 367
747 1 1552 746
748 2 984 367
748 1 1551 746
749 2 983 368
749 1 1547 753
750 2 983 365
750 1 1541 756
751 2 982 363
751 1 1533 758
752 2 979 366
752 1 1526 756
753 2 977 364
753 1 1519 754
754 2 976 363
754 1 1511 752
755 2 975 363
755 1 1504 747
756 2 972 365
756 1 1501 744
757 2 970 363
757 1 1496 744
758 2 969 366
758 1 1494 744
759 2 965 367
759 1 1489 746
760 2 963 367
760 1 1487 745
761 2 962 366
761 1 1482 745
762 2 958 365
762 1 1476 746
763 2 955 364
763 1 1473 746
764 2 951 362
764 1 1468 747
765 2 949 362
765 1 1462 748
766 2 948 361
766 1 1459 748
767 2 947 361
767 1 1449 749
768 2 944 361
768 1 1436 748
769 2 942 362
769 1 1431 749
770 2 940 362
770 1 1429 748
771 2 936 363
771 1 1424 746
772 2 934 363
772 1 1422 745
773 2 933 363
773 1 1418 742
774 2 929 363
774 1 1416 740
775 2 927 362
775 1 1415 739
776 2 922 362
776 1 1411 739
777 2 920 363
777 1 1409 738
778 2 919 362
778 1 1404 732
779 2 915 362
779 1 1398 731
780 2 913 363
780 1 1396 732
781 2 912 363
781 1 1390 732
782 2 908 364
782 1 1383 728
783 2 905 364
783 1 1377 726
784 2 901 363
784 1 1374 725
785 2 899 363
785 1 1368 723
786 2 897 363
786 1 1362 722
787 2 893 359
787 1 1360 722
788 2 892 359
788 1 1359 719
789 2 890 360
789 1 1354 718
790 2 886 360
790 1 1352 716
791 2 884 359
791 1 1352 715
792 2 879 359
792 1 1347 710
793 2 873 353
793 1 1346 708
794 2 870 349
794 1 1345 707
795 2 865 350
795 1 1341 702
796 2 862 350
796 1 1339 701
797 2 858 350
797 1 1339 700
798 2 855 350
798 1 1339 700
799 2 851 349
799 1 1338 702
800 2 848 349
800 1 1334 702
801 2 847 348
801 1 1332 702
802 2 843 348
802 1 1332 699
803 2 840 348
803 1 1331 697
804 2 836 346
804 1 1331 698
805 2 834 346
805 1 1327 699
806 2 829 345
806 1 1329 696
807 2 827 345
807 1 1327 693
808 2 826 345
808 1 1326 688
809 2 821 346
809 1 1325 684
810 2 815 347
810 1 1324 678
811 2 809 343
811 1 1324 672
812 2 805 341
812 1 1321 663
813 2 800 340
813 1 1319 656
814 2 798 341
814 1 1318 653
815 2 793 342
815 1 1317 651
816 2 791 342
816 1 1317 648
817 2 787 342
817 1 1314 647
818 2 784 342
818 1 1315 648
819 2 783 342
819 1 1313 647
820 2 779 341
820 1 1312 648
821 2 776 341
821 1 1311 649
822 2 772 342
822 1 1310 649
823 2 770 342
823 1 1310 647
824 2 769 342
824 1 1306 645
825 2 764 342
825 1 1305 639
826 2 762 342
826 1 1304 636
827 2 758 342
827 1 1304 633
828 2 752 342
828 1 1303 628
829 2 745 337
829 1 1302 620
830 2 742 335
830 1 1302 616
831 2 736 333
831 1 1299 610
832 2 730 334
832 1 1297 607
833 2 727 335
833 1 1296 607
834 2 722 334
834 1 1296 608
835 2 720 333
835 1 1296 608
836 2 715 333
836 1 1296 609
837 2 713 334
837 1 1296 610
838 2 712 330
838 1 1296 610
839 2 708 332
839 1 1296 606
840 2 706 329
840 1 1296 604
841 2 705 328
841 1 1296 604
842 2 701 327
842 1 1297 603
843 2 699 326
843 1 1297 598
844 2 695 327
844 1 1297 595
845 2 692 327
845 1 1297 589
846 2 687 328
846 1 1296 587
847 2 685 322
847 1 1296 585
848 2 679 320
848 1 1296 580
849 2 674 319
849 1 1296 576
850 2 671 319
850 1 1296 574
851 2 670 319
851 1 1296 573
852 2 665 320
852 1 1296 572
853 2 663 321
853 1 1296 569
854 2 659 322
854 1 1296 568
855 2 657 322
855 1 1296 568
856 2 656 322
856 1 1296 568
857 2 656 322
857 1 1296 568
858 2 655 322
858 1 1296 568
859 2 652 319
859 1 1296 569
860 2 650 318
860 1 1296 569
861 2 650 317
861 1 1296 569
862 2 649 316
862 1 1296 568
863 2 645 316
863 1 1296 569
864 2 643 310
864 1 1293 569
865 2 642 308
865 1 1291 570
866 2 638 307
866 1 1291 570
867 2 636 302
867 1 1291 570
868 2 635 298
868 1 1290 571
869 2 634 296
869 1 1290 571
870 2 631 296
870 1 1290 571
871 2 629 292
871 1 1290 571
872 2 628 289
872 1 1289 571
873 2 624 288
873 1 1289 571
874 2 623 288
874 1 1289 571
875 2 622 289
875 1 1288 571
876 2 621 290
876 1 1286 571
877 2 621 291
877 1 1284 571
878 2 620 292
878 1 1284 571
879 2 617 293
879 1 1284 568
880 2 615 290
880 1 1284 568
881 2 614 287
881 1 1283 568
882 2 613 285
882 1 1283 567
883 2 610 278
883 1 1283 567
884 2 608 275
884 1 1283 567
885 2 607 270
885 1 1283 566
886 2 607 267
886 1 1282 566
887 2 607 265
887 1 1282 566
888 2 607 264
888 1 1278 566
889 2 606 264
889 1 1276 561
890 2 606 265
890 1 1274 559
891 2 606 266
891 1 1270 559
892 2 606 266
892 1 1268 560
893 2 606 263
893 1 1264 559
894 2 606 262
894 1 1261 559
895 2 606 262
895 1 1260 558
896 2 606 263
896 1 1256 558
897 2 606 262
897 1 1254 557
898 2 607 261
898 1 1253 556
899 2 607 258
899 1 1249 552
900 2 607 254
900 1 1247 548
901 2 607 246
901 1 1246 546
902 2 607 242
902 1 1242 541
903 2 607 241
903 1 1240 538
904 2 607 237
904 1 1239 538
905 2 607 237
905 1 1235 538
906 2 607 237
906 1 1233 538
907 2 607 237
907 1 1228 539
908 2 607 238
908 1 1226 539
909 2 607 238
909 1 1221 540
910 2 607 239
910 1 1218 540
911 2 604 240
911 1 1213 540
912 2 605 240
912 1 1211 539
913 2 603 240
913 1 1210 537
914 2 602 237
914 1 1209 535
915 2 602 235
915 1 1206 534
916 2 601 229
916 1 1204 533
917 2 601 225
917 1 1203 533
918 2 601 217
918 1 1199 533
919 2 600 209
919 1 1196 532
920 2 600 207
920 1 1192 527
921 2 600 206
921 1 1190 525
922 2 600 207
922 1 1185 523
923 2 601 209
923 1 1183 523
924 2 601 209
924 1 1178 521
925 2 601 205
925 1 1175 520
926 2 602 204
926 1 1170 517
927 2 605 203
927 1 1168 515
928 2 606 203
928 1 1163 514
929 2 607 196
929 1 1160 513
930 2 608 194
930 1 1156 513
931 2 608 195
931 1 1154 513
932 2 609 195
932 1 1153 513
933 2 609 188
933 1 1153 512
934 2 612 177
934 1 1149 511
935 2 613 173
935 1 1147 511
936 2 614 173
936 1 1143 511
937 2 614 172
937 1 1140 512
938 2 615 169
938 1 1136 513
939 2 615 169
939 1 1133 515
940 2 615 169
940 1 1132 516
941 2 616 169
941 1 1127 517
942 2 616 170
942 1 1121 517
943 2 617 170
943 1 1118 516
944 2 619 169
944 1 1113 512
945 2 621 169
945 1 1111 511
946 2 621 169
946 1 1107 511
947 2 622 169
947 1 1105 510
948 2 622 165
948 1 1104 509
949 2 623 163
949 1 1103 508
950 2 626 161
950 1 1099 507
951 2 628 160
951 1 1098 507
952 2 629 156
952 1 1097 506
953 2 630 153
953 1 1093 506
954 2 634 150
954 1 1090 505
955 2 635 146
955 1 1086 506
956 2 637 144
956 1 1083 507
957 2 641 142
957 1 1078 508
958 2 643 141
958 1 1076 509
959 2 644 141
959 1 1071 510
960 2 648 141
960 1 1069 510
961 2 650 140
961 1 1064 510
962 2 651 140
962 1 1062 509
963 2 651 139
963 1 1061 508
964 2 651 138
964 1 1061 507
965 2 652 139
965 1 1057 508
966 2 655 134
966 1 1056 508
967 2 658 132
967 1 1054 509
968 1 1050 512
969 1 1048 514
970 1 1047 514
971 1 1043 515
972 1 1041 514
973 1 1040 514
974 1 1036 515
975 1 1033 515
976 1 1029 517
977 1 1026 519
978 1 1021 522
979 1 1019 524
980 1 1018 522
981 1 1018 521
982 1 1014 522
983 1 1012 523
984 1 1011 523
985 1 1010 523
986 1 1007 524
987 1 1005 524
988 1 1004 526
989 1 1001 529
990 1 999 533
991 1 998 541
992 1 997 547
993 1 996 552
994 1 993 555
995 1 992 556
996 1 991 556
997 1 991 556
998 1 991 559
999 1 991 560
1000 1 991 560
1001 1 991 560
1002 1 992 558
1003 1 991 557
1004 1 991 557
1005 1 991 560
1006 1 991 563
1007 1 991 570
1008 1 990 575
1009 1 990 582
1010 1 990 589
1011 1 990 592
1012 1 990 597
1013 1 990 599
1014 1 990 599
1015 1 990 599
1016 1 990 599
1017 1 990 599
1018 1 991 600
1019 1 991 603
1020 1 991 605
1021 1 991 604
1022 1 992 605
1023 1 992 610
1024 1 993 618
1025 1 996 626
1026 1 998 632
1027 1 999 637
1028 1 1003 637
1029 1 1005 637
1030 1 1006 636
1031 1 1007 635
1032 1 1011 634
1033 1 1013 636
1034 1 1017 634
1035 1 1019 636
1036 1 1021 637
1037 1 1021 644
1038 1 1026 654
1039 1 1031 661
1040 1 1034 670
1041 1 1035 676
1042 1 1039 680
1043 1 1042 682
1044 1 1046 685
1045 1 1048 687
1046 1 1049 688
1047 1 1054 688
1048 1 1056 687
1049 1 1057 687
1050 1 1061 688
1051 1 1064 688
1052 1 1068 688
1053 1 1070 689
1054 1 1075 690
1055 1 1081 691
1056 1 1084 694
1057 1 1085 697
1058 1 1090 700
1059 1 1092 702
1060 1 1097 702
1061 1 1099 703
1062 1 1104 702
1063 1 1111 701
1064 1 1117 702
1065 1 1120 701
1066 1 1125 700
1067 1 1128 705
1068 1 1133 713
1069 1 1139 717
1070 1 1142 719
1071 1 1148 723
1072 1 1154 725
1073 1 1157 725
1074 1 1162 724
1075 1 1168 722
1076 1 1170 720
1077 1 1171 719
1078 1 1176 717
1079 1 1182 717
1080 1 1189 717
1081 1 1191 717
1082 1 1197 718
1083 1 1203 718
1084 1 1210 720
1085 1 1217 719
1086 1 1220 719
1087 1 1221 719
1088 1 1226 719
1089 1 1228 720
1090 1 1232 719
1091 1 1234 720
1092 1 1239 719
1093 1 1242 718
1094 1 1247 714
1095 1 1253 704
1096 1 1260 699
1097 1 1263 700
1098 1 1268 703
1099 1 1270 701
1100 1 1274 699
1101 1 1276 698
1101 6 1554 255
1102 1 1277 695
1102 6 1553 257
1103 1 1278 693
1103 6 1547 255
1104 1 1278 694
1104 6 1545 255
1105 1 1282 694
1105 6 1540 255
1106 1 1284 694
1106 6 1538 255
1107 1 1285 694
1107 6 1533 256
1108 1 1289 695
1108 6 1530 255
1109 1 1291 692
1109 6 1526 256
1110 1 1296 690
1110 6 1523 256
1111 1 1298 687
1111 6 1519 258
1112 1 1302 682
1112 6 1516 259
1113 1 1304 680
1113 6 1511 263
1114 1 1306 676
1114 6 1505 264
1115 1 1309 675
1115 6 1502 262
1116 1 1311 675
1116 6 1497 263
1117 1 1312 675
1117 6 1495 264
1118 1 1313 675
1118 6 1490 264
1119 1 1313 676
1119 6 1488 263
1120 1 1312 676
1120 6 1487 263
1121 1 1312 673
1121 6 1483 263
1122 1 1311 670
1122 6 1477 264
1123 1 1308 664
1123 6 1474 264
1124 1 1306 660
1124 6 1468 263
1125 1 1305 653
1125 6 1462 264
1126 1 1304 647
1126 6 1459 263
1127 1 1303 638
1127 6 1454 264
1128 1 1300 632
1128 6 1448 264
1129 1 1299 629
1129 6 1445 264
1130 1 1297 629
1130 6 1440 264
1131 1 1297 629
1131 6 1437 263
1132 1 1296 629
1132 6 1433 263
1133 1 1293 630
1133 6 1430 262
1134 1 1291 630
1134 6 1426 261
1135 1 1290 630
1135 6 1423 261
1136 1 1289 628
1136 6 1418 263
1137 1 1285 628
1137 6 1416 264
1138 1 1283 627
1138 6 1410 264
1139 1 1282 626
1139 6 1404 265
1140 1 1282 626
1140 6 1398 266
1141 1 1278 622
1141 6 1392 266
1142 1 1276 617
1142 6 1388 266
1143 1 1274 611
1143 6 1383 266
1144 1 1270 604
1144 6 1381 265
1145 1 1264 601
1145 6 1376 268
1146 1 1261 595
1146 6 1373 267
1147 1 1256 591
1147 6 1369 266
1148 1 1250 589
1148 6 1366 266
1149 1 1246 587
1149 6 1361 266
1150 1 1245 584
1150 6 1355 266
1151 1 1241 584
1151 6 1352 265
1152 1 1239 582
1152 6 1347 265
1153 1 1238 580
1153 6 1341 265
1154 1 1234 579
1154 6 1335 266
1155 1 1232 577
1155 6 1331 266
1156 1 1231 576
1156 6 1326 265
1157 1 1227 575
1157 6 1324 265
1158 1 1225 575
1158 6 1319 264
1159 1 1221 576
1159 6 1317 263
1160 1 1219 578
1160 6 1312 264
1161 1 1217 578
1161 6 1309 263
1162 1 1213 577
1162 6 1304 264
1163 1 1207 577
1163 6 1299 264
1164 1 1204 579
1164 6 1295 265
1165 1 1199 580
1165 6 1290 265
1166 1 1192 581
1166 6 1283 265
1167 1 1189 582
1167 6 1277 265
1168 1 1185 582
1168 6 1274 264
1169 1 1182 581
1169 6 1269 266
1170 1 1178 581
1170 6 1263 267
1171 1 1176 580
1171 6 1260 267
1172 1 1174 579
1172 6 1255 266
1173 1 1171 578
1173 6 1252 265
1174 1 1168 577
1174 6 1248 265
1175 1 1167 577
1175 6 1242 264
1176 1 1163 578
1176 6 1238 263
1177 1 1161 578
1177 6 1233 264
1178 1 1160 581
1178 6 1226 264
1179 1 1156 588
1179 6 1220 265
1180 1 1154 593
1180 6 1214 265
1181 1 1149 596
1181 6 1211 265
1182 1 1147 600
1182 6 1206 265
1183 1 1143 603
1183 6 1203 264
1184 1 1140 603
1184 6 1198 264
1185 1 1139 602
1185 6 1195 263
1186 1 1135 602
1186 6 1190 262
1187 1 1134 602
1187 6 1184 265
1188 1 1133 603
1188 6 1181 266
1189 1 1133 603
1189 6 1176 269
1190 1 1132 603
1190 6 1170 270
1191 1 1132 605
1191 6 1163 271
1192 1 1131 606
1192 6 1160 270
1193 1 1128 606
1193 6 1155 271
1194 1 1127 606
1194 6 1150 271
1195 1 1126 606
1195 6 1147 271
1196 1 1125 610
1196 6 1145 271
1197 1 1121 618
1197 6 1141 271
1198 1 1120 626
1198 6 1135 271
1199 1 1119 629
1199 6 1132 271
1200 1 1118 634
1200 6 1127 272
1201 1 1118 636
1201 6 1121 271
1202 1 1117 636
1202 6 1118 270
1203 1 1117 635
1203 6 1112 270
1204 1 1117 634
1204 6 1106 270
1205 1 1114 635
1205 6 1099 271
1206 1 1113 634
1206 6 1096 271
1207 1 1112 635
1207 6 1091 272
1208 1 1111 638
1208 6 1089 272
1209 1 1111 639
1209 6 1084 272
1210 1 1111 639
1210 6 1078 272
1211 1 1111 644
1211 6 1075 271
1212 1 1111 648
1212 6 1070 270
1213 1 1111 657
1213 6 1064 270
1214 1 1111 667
1214 6 1060 271
1215 1 1112 676
1215 6 1056 275
1216 1 1112 680
1216 6 1050 277
1217 1 1113 685
1217 6 1043 279
1218 1 1116 686
1218 6 1040 280
1219 1 1118 687
1219 6 1034 280
1220 1 1119 690
1220 6 1029 284
1221 1 1119 691
1221 6 1026 281
1222 1 1120 692
1222 6 1021 285
1223 1 1121 691
1223 6 1019 285
1224 1 1124 690
1224 6 1014 285
1225 1 1125 690
1225 6 1011 282
1226 1 1126 690
1226 6 1006 281
1227 1 1126 691
1227 6 1000 284
1228 1 1126 690
1228 6 997 284
1229 1 1126 692
1229 6 992 284
1230 1 1126 700
1230 6 985 285
1231 1 1126 708
1231 6 979 286
1232 1 1122 716
1232 6 976 285
1233 1 1121 722
1233 6 970 287
1234 1 1120 727
1234 6 968 287
1235 1 1119 728
1235 6 963 291
1236 1 1118 728
1236 6 961 292
1237 1 1118 729
1237 6 956 292
1238 1 1118 728
1238 6 950 293
1239 1 1115 728
1239 6 944 293
1240 1 1113 727
1240 6 940 293
1241 1 1112 730
1241 6 935 294
1242 1 1111 731
1242 6 929 296
1243 1 1108 732
1243 6 925 301
1244 1 1106 739
1244 6 920 304
1245 1 1104 743
1245 6 914 305
1246 1 1100 753
1246 6 911 305
1247 1 1098 759
1247 6 906 309
1248 1 1094 762
1248 6 900 311
1249 1 1091 762
1249 6 898 312
1250 1 1086 761
1250 6 893 312
1251 1 1084 759
1251 6 887 312
1252 1 1083 757
1252 6 883 312
1253 1 1082 757
1253 6 878 313
1254 1 1082 757
1254 6 872 311
1255 1 1078 759
1255 6 866 311
1256 1 1076 758
1256 6 862 311
1257 1 1075 757
1257 6 857 311
1258 1 1071 757
1258 6 851 312
1259 1 1069 757
1259 6 848 316
1260 1 1064 758
1260 6 843 318
1261 1 1061 758
1261 6 841 319
1262 1 1056 759
1262 6 836 320
1263 1 1054 760
1263 6 833 319
1264 1 1049 760
1264 6 828 320
1265 1 1043 760
1265 6 822 321
1266 1 1040 758
1266 6 815 322
1267 1 1035 758
1267 6 812 326
1268 1 1033 757
1268 6 807 329
1269 1 1028 758
1269 6 801 332
1270 1 1026 754
1270 6 794 336
1271 1 1025 753
1271 6 791 337
1272 1 1021 752
1272 6 786 337
1273 1 1019 747
1273 6 780 338
1274 1 1015 745
1274 6 777 338
1275 1 1012 743
1275 6 772 339
1276 1 1007 743
1276 6 766 339
1277 1 1005 738
1277 6 762 340
1278 1 1000 736
1278 6 757 342
1279 1 998 735
1279 6 750 343
1280 1 993 733
1280 6 744 344
1281 1 990 732
1281 6 737 343
1282 1 986 732
1282 6 733 343
1283 1 984 729
1283 6 728 343
1284 1 982 727
1284 6 722 344
1285 1 978 727
1285 6 719 344
1286 1 976 727
1286 6 714 346
1287 1 975 726
1287 6 708 351
1288 1 972 723
1288 6 705 351
1289 1 970 721
1289 6 700 352
1290 1 969 716
1290 6 694 354
1291 1 968 712
1291 6 687 354
1292 1 964 706
1292 6 680 354
1293 1 962 701
1293 6 677 355
1294 1 961 700
1294 6 671 356
1295 1 958 701
1295 6 665 361
1296 1 956 702
1296 6 659 363
1297 1 955 700
1297 6 652 365
1298 1 954 699
1298 6 648 364
1299 1 954 699
1299 6 643 368
1300 1 954 698
1300 6 637 370
1301 1 954 699
1301 6 634 369
1302 1 954 699
1302 6 628 370
1303 1 954 696
1303 6 622 371
1304 1 954 693
1304 6 615 371
1305 1 954 688
1305 6 604 371
1306 1 954 683
1306 6 596 377
1307 1 955 675
1307 6 592 378
1308 1 955 665
1309 1 955 659
1309 6 580 378
1310 1 955 655
1310 6 573 378
1311 1 955 653
1311 6 565 378
1312 1 955 652
1312 6 554 383
1313 1 955 651
1313 6 545 384
1314 1 955 651
1314 6 537 384
1315 1 955 652
1315 6 534 384
1316 1 956 652
1316 6 529 385
1317 1 956 652
1317 6 523 385
1318 1 956 653
1318 6 520 386
1319 1 956 650
1319 6 515 387
1320 1 957 649
1320 6 509 393
1321 1 957 649
1321 6 506 395
1322 1 957 645
1322 6 501 395
1323 1 960 640
1323 6 494 397
1324 1 961 634
1324 6 488 401
1325 1 962 627
1325 6 485 401
1326 1 962 621
1326 6 480 403
1327 1 963 613
1327 6 469 403
1328 1 963 610
1328 6 465 403
1329 1 963 605
1329 6 454 402
1330 1 964 603
1330 6 446 406
1331 1 964 603
1331 6 439 407
1332 1 967 602
1332 6 435 408
1333 1 969 602
1333 6 429 409
1334 1 970 603
1334 6 423 410
1335 1 972 603
1335 6 416 410
1336 1 975 599
1336 6 409 415
1337 1 977 597
1337 6 398 418
1338 1 978 594
1338 6 393 424
1339 1 982 591
1339 6 387 426
1340 1 984 584
1340 6 380 428
1341 1 986 579
1341 6 373 428
1342 1 990 572
1342 6 366 429
1343 1 992 568
1343 6 359 429
1344 1 996 568
1344 6 352 428
1345 1 998 565
1345 6 345 429
1346 1 1000 565
1346 6 342 435
1347 1 1003 565
1347 6 337 443
1348 1 1005 565
1348 6 330 446
1349 1 1006 565
1349 6 324 448
1350 1 1007 565
1350 6 317 454
1351 1 1007 566
1351 6 310 455
1352 1 1008 566
1352 6 303 455
1352 7 23 648
1353 1 1011 563
1353 6 291 459
1353 7 30 648
1354 1 1012 562
1354 6 286 460
1354 7 33 648
1355 1 1014 562
1355 6 281 461
1355 7 34 648
1356 1 1015 558
1356 6 274 461
1356 7 38 647
1357 1 1018 554
1357 6 267 460
1357 7 40 651
1358 1 1020 547
1358 6 259 460
1358 7 45 648
1359 1 1021 544
1359 6 252 460
1360 1 1022 537
1360 6 245 460
1360 7 48 647
1361 1 1025 533
1361 6 238 462
1361 7 48 644
1362 1 1027 528
1362 6 227 463
1363 1 1028 529
1363 6 218 469
1363 7 75 644
1364 1 1029 526
1364 6 215 471
1364 7 82 646
1365 1 1033 524
1365 6 204 474
1365 7 88 645
1366 1 1035 523
1366 6 192 475
1366 7 91 646
1367 1 1039 522
1367 6 182 476
1367 7 96 646
1368 1 1041 522
1368 6 174 480
1368 7 98 643
1369 1 1042 521
1369 6 167 482
1369 7 103 638
1370 1 1046 520
1370 6 160 482
1370 7 109 636
1371 1 1048 517
1371 6 148 484
1371 7 112 636
1372 1 1050 515
1372 6 144 490
1372 7 117 634
1373 1 1054 513
1373 6 138 489
1373 7 119 638
1374 1 1057 512
1374 6 131 489
1374 7 125 639
1375 1 1062 511
1375 6 124 489
1375 7 135 637
1376 1 1067 509
1376 7 148 637
1377 1 1070 510
1377 7 158 636
1378 1 1075 511
1378 7 166 633
1379 1 1078 513
1379 7 169 631
1380 1 1082 512
1380 7 175 630
1381 1 1084 512
1381 7 181 629
1382 1 1086 512
1382 7 184 626
1382 6 68 524
1383 1 1090 512
1383 7 189 625
1383 6 60 523
1384 1 1092 513
1384 7 195 624
1384 6 53 524
1385 1 1097 513
1385 7 197 622
1385 6 51 523
1386 1 1099 512
1386 7 203 622
1386 6 45 527
1387 1 1100 513
1387 7 205 622
1387 6 43 529
1388 1 1104 514
1388 7 210 621
1389 1 1106 514
1389 7 212 621
1390 1 1110 515
1390 7 213 622
1391 1 1113 515
1391 7 217 620
1392 1 1117 515
1392 7 223 618
1393 1 1120 515
1393 7 226 620
1394 1 1125 515
1394 7 231 622
1395 1 1127 515
1395 7 238 622
1396 1 1132 517
1396 7 244 622
1397 1 1134 520
1397 7 247 622
1398 1 1136 526
1398 7 252 622
1399 1 1140 528
1399 7 259 622
1400 1 1142 531
1400 7 262 622
1401 1 1143 535
1401 7 267 621
1402 1 1143 537
1402 7 273 622
1403 1 1146 537
1403 7 275 619
1404 1 1148 537
1404 7 276 618
1405 1 1148 538
1405 7 280 619
1406 1 1149 539
1406 7 282 619
1407 1 1150 539
1407 7 283 620
1408 1 1153 540
1408 7 288 621
1409 1 1155 540
1409 7 289 618
1410 1 1155 542
1410 7 290 616
1411 1 1156 543
1411 7 294 616
1412 1 1156 543
1412 7 296 615
1413 1 1157 543
1413 7 301 609
1414 1 1157 543
1414 7 303 607
1415 1 1160 543
1415 7 304 606
1416 1 1161 545
1416 7 308 605
1417 1 1162 551
1417 7 310 604
1418 1 1163 553
1418 7 311 604
1419 1 1163 555
1419 7 311 604
1420 1 1167 556
1420 7 311 605
1421 1 1169 562
1421 7 315 606
1422 1 1170 564
1422 7 317 607
1423 1 1174 564
1423 7 318 607
1424 1 1176 564
1424 7 318 607
1425 1 1177 564
1425 7 318 606
1426 1 1181 564
1426 7 322 605
1427 1 1183 563
1427 7 324 604
1428 1 1184 564
1428 7 324 602
1429 1 1185 564
1429 7 324 602
1430 1 1185 564
1430 7 325 602
1431 1 1189 564
1431 7 325 601
1432 1 1190 566
1432 7 329 601
1433 1 1190 567
1433 7 330 600
1434 1 1191 567
1434 7 331 600
1435 1 1191 567
1435 7 331 599
1436 1 1192 568
1436 7 331 599
1437 1 1192 569
1437 7 331 599
1438 1 1192 569
1438 7 331 600
1439 1 1192 569
1439 7 331 600
1440 1 1192 569
1440 7 331 600
1441 1 1192 569
1441 7 331 600
1442 1 1192 569
1442 7 331 600
1443 1 1192 569
1443 7 331 600
1444 1 1192 569
1444 7 332 599
1445 1 1192 570
1445 7 332 599
1446 1 1191 570
1446 7 332 599
1447 1 1191 570
1447 7 332 600
1448 1 1191 569
1448 7 332 600
1449 1 1191 569
1449 7 332 599
1450 1 1191 569
1450 7 335 599
1451 1 1191 569
1451 7 337 599
1452 1 1191 570
1452 7 337 600
1453 1 1191 570
1453 7 338 604
1454 1 1192 570
1454 7 338 606
1455 1 1191 570
1455 7 338 606
1456 1 1191 569
1456 7 338 602
1457 1 1191 569
1457 7 338 605
1458 1 1191 569
1458 7 338 607
1459 1 1191 569
1459 7 338 607
1460 1 1191 569
1460 7 338 607
1461 1 1191 568
1461 7 338 606
1462 1 1191 568
1462 7 338 606
1463 1 1191 568
1463 7 338 606
1464 1 1191 569
1464 7 338 606
1465 1 1191 569
1465 7 338 607
1466 1 1192 569
1466 7 338 602
1467 1 1192 569
1467 7 338 601
1468 1 1192 569
1468 7 338 600
1469 1 1192 569
1469 7 338 600
1470 1 1192 569
1470 7 338 601
1471 1 1192 568
1471 7 338 600
1472 1 1191 568
1472 7 338 601
1473 1 1191 568
1473 7 338 601
1474 1 1191 568
1474 7 338 601
1475 1 1191 568
1475 7 338 601
1476 1 1191 568
1476 7 338 600
1477 1 1191 569
1477 7 338 600
1478 1 1191 568
1478 7 338 600
1479 1 1191 568
1479 7 337 600
1480 1 1191 568
1480 7 337 600
1481 1 1191 568
1481 7 337 600
1482 1 1191 568
1482 7 337 600
1483 1 1191 568
1483 7 337 599
1484 1 1191 568
1484 7 337 600
1485 1 1191 568
1485 7 337 600
1486 1 1191 568
1486 7 337 601
1487 1 1191 568
1487 7 337 605
1488 1 1191 571
1488 7 337 606
1489 1 1191 572
1489 7 337 607
1490 1 1191 572
1490 7 337 606
1491 1 1191 572
1491 7 337 606
1492 1 1191 572
1492 7 333 602
1493 1 1191 572
1493 7 332 601
1494 1 1191 572
1494 7 331 600
1495 1 1191 572
1495 7 331 600
1496 1 1191 570
1496 7 335 600
1497 1 1191 569
1497 7 336 599
1498 1 1192 568
1498 7 337 599
1499 1 1192 568
1499 7 333 599
1500 1 1192 568
1500 7 336 599
1501 1 1192 568
1501 7 337 599
1502 1 1192 568
1502 7 337 603
1503 1 1192 568
1503 7 337 604
1504 1 1192 568
1504 7 338 605
1505 1 1192 568
1505 7 337 605
1506 1 1192 568
1506 7 337 606
1507 1 1192 568
1507 7 337 606
1508 1 1192 568
1508 7 337 607
1509 1 1191 568
1509 7 337 607
1510 1 1191 568
1510 7 337 607
1511 1 1191 569
1511 7 337 608
1512 1 1191 569
1512 7 337 608
1513 1 1191 569
1513 7 333 607
1514 1 1191 570
1514 7 332 607
1515 1 1191 570
1515 7 335 607
1516 1 1191 570
1516 7 337 608
1517 1 1191 570
1517 7 333 609
1518 1 1191 570
1518 7 332 608
1519 1 1191 570
1519 7 335 608
1520 1 1191 570
1520 7 333 608
1521 1 1191 570
1521 7 332 608
1522 1 1191 570
1522 7 335 608
1523 1 1191 570
1523 7 337 608
1524 1 1191 570
1524 7 337 607
1525 1 1191 570
1525 7 337 607
1526 1 1191 570
1526 7 337 608
1527 1 1191 570
1527 7 337 609
1528 1 1191 570
1528 7 338 609
1529 1 1191 570
1529 7 338 609
1530 1 1191 570
1530 7 338 609
1531 1 1191 570
1531 7 338 610
1532 1 1191 570
1532 7 338 609
1533 1 1191 569
1533 7 338 609
1534 1 1191 569
1534 7 338 609
1535 1 1191 569
1535 7 338 609
1536 1 1191 569
1536 7 338 609
1537 1 1191 569
1537 7 338 609
1538 1 1191 569
1538 7 338 609
1539 1 1191 569
1539 7 338 609
1540 1 1191 569
1540 7 338 608
1541 1 1191 569
1541 7 338 608
